stats from ../baseline/trainedModels/baseline_noDataAug_ReExtrap_4x1026Re900_4x2052Re1800_
[[0.90215162 0.62276701 0.64262891 0.73959722 0.54066057 0.82605112]
 [0.9294772  0.64353927 0.61051451 0.78591023 0.54183382 0.84602109]
 [0.90971637 0.61788634 0.5917742  0.74784336 0.50101842 0.82799538]
 [0.92292979 0.62707471 0.62542277 0.74707979 0.54810057 0.85095586]
 [0.9215604  0.64056581 0.64610543 0.78227797 0.56243971 0.85711557]]
stats from ../baseline/trainedModels/baseline_dataAug_ReExtrap_4x1026Re900_4x2052Re1800_
[[0.89712074 0.61480205 0.67813791 0.75425577 0.58072951 0.8218482 ]
 [0.88386845 0.61800052 0.68349224 0.75878948 0.57085306 0.81586852]
 [0.9011909  0.61141239 0.66556812 0.74825419 0.53329647 0.82608037]
 [0.89392159 0.61852498 0.67548167 0.76660029 0.58171308 0.84085261]
 [0.89831735 0.60543659 0.67761945 0.76719318 0.56659365 0.85180579]]
stats from ../training_C4DNN/trainedModels/C4_ReExtrap_4x1026Re900_4x2052Re1800_
[[0.91235688 0.67828195 0.68562188 0.81956849 0.59683685 0.88644462]
 [0.92901413 0.67632761 0.6801904  0.832244   0.60946437 0.8908342 ]
 [0.92116383 0.69171243 0.68406338 0.81207063 0.57695863 0.88786933]
 [0.91333028 0.67438858 0.6981338  0.8145889  0.6040937  0.88957257]
 [0.92854251 0.69207012 0.64632593 0.82831166 0.58362707 0.8843638 ]]
stats from ../baseline/trainedModels/baseline_noDataAug_ReExtrap_4x1026Re900_4x2052Re1800_
[[ 0.62330706 -1.28355363 -0.21176574  0.85168227  0.61128296  0.72152527]
 [-0.2092409  -0.83043142  0.4107701   0.78133569  0.47860785  0.61242714]
 [ 0.19891516 -0.68321114  0.16118348  0.78467645  0.54524041  0.69360136]
 [-0.60860403 -4.51344129 -0.010751    0.76598604  0.63433222  0.47050829]
 [-1.03977597 -1.83979466 -0.15087152  0.48301003  0.62487563  0.71791027]]
stats from ../baseline/trainedModels/baseline_dataAug_ReExtrap_4x1026Re900_4x2052Re1800_
[[0.75941233 0.6050884  0.59196825 0.87893605 0.69125176 0.80746064]
 [0.77572912 0.60050048 0.59126569 0.89770317 0.6712874  0.82148433]
 [0.75736993 0.62753059 0.53776259 0.88257317 0.66202645 0.82456622]
 [0.77709553 0.61986913 0.54807759 0.90832257 0.70109219 0.84875375]
 [0.79015648 0.63714307 0.57670334 0.89254326 0.66492972 0.84761686]]
stats from ../analysis/C4_ReExtrap_test270.pkl
Compare to original unrotated (above) for FP accuracy:
[[0.91235688 0.67828195 0.68562188 0.81956849 0.59683685 0.88644462]
 [0.92901413 0.67632761 0.6801904  0.832244   0.60946437 0.8908342 ]
 [0.92116383 0.69171243 0.68406338 0.81207063 0.57695863 0.88786933]
 [0.91333028 0.67438858 0.6981338  0.8145889  0.6040937  0.88957257]
 [0.92854251 0.69207012 0.64632593 0.82831166 0.58362707 0.8843638 ]]

[[0.81956846 0.67828116 0.59683734 0.91235734 0.68562555 0.88644481]
 [0.83224388 0.67632697 0.60946225 0.92901392 0.68019007 0.89083399]
 [0.81207109 0.69171174 0.57695748 0.92116378 0.68406183 0.88786916]
 [0.81458902 0.67438826 0.60409469 0.91333075 0.69813251 0.88957251]
 [0.82831141 0.69207059 0.58362696 0.92854234 0.64632668 0.88436358]]
